"PID","MTES_Total_Original.z","sas_agg.clean.Z","OBJ_Usage.DailyHourlyAverage.Z","SSM_composite.x","SSM_subjective","MTES_SocialMediaUse_TimeOnApp.sum.z","MTES_PhoneChecking.mean.z","MTES_PublicUpdates.mean.z","digital_awareness_score","digital_awareness_absolute"
3001,-0.31709637974627,0.254609491804957,0.533824502365057,0.157112538141248,-0.0312434439706563,0.274395579510127,-1.02880810985018,-0.196876608898757,-0.5301067972691,0.5301067972691
3002,-0.524390791635354,-1.80942478842723,-0.800658118886528,-1.04482456631637,-1.16690779003129,-0.680378630235147,0.0531743517450652,-0.945968096415981,0.421983299826928,0.421983299826928
3003,0.706965435475483,1.63063234529308,0.246755566398146,0.861451115722236,1.16879889038428,0.433524614467673,1.13515681334031,0.552214878618466,-0.434234123379968,0.434234123379968
3004,-0.27330998357833,-0.605404791625119,1.0381347952799,0.0531400066921501,-0.439357387601725,0.433524614467673,-0.307486468786683,-0.945968096415981,-0.779488740746906,0.779488740746906
3005,0.621025615669575,1.28662663192105,0.859686537786956,0.922446261792526,0.953826123795312,0.91091171934031,0.774495992808561,0.177669134859854,-0.174035497946924,0.174035497946924
3006,-0.694409414607447,0.942620918549018,-1.00238223605247,-0.251390244036965,0.124105751970785,-1.95341090989551,-0.307486468786683,0.177669134859854,0.0501186307595316,0.0501186307595316
3007,-1.27974355942484,-0.777407648311135,-1.47565804940332,-1.1776030857131,-1.02857560386799,-1.47602380502288,-0.66814728931843,-1.6950595839332,0.077269832595569,0.077269832595569
3008,0.909631539622279,2.49064662872316,1.48813474895776,1.6294709724344,1.70013908417272,1.38829882421295,0.413835172276813,0.926760622377078,-1.10202451970625,1.10202451970625
3009,-0.40879882586706,-0.777407648311135,0.913996877023939,-0.0907365323847518,-0.593103237089097,-0.680378630235147,0.774495992808561,-1.32051384017459,-0.527886647772426,0.527886647772426
3010,-0.384273641604337,-0.433401934939105,-0.389451264663656,-0.402375613735699,-0.408837788271721,0.433524614467673,-1.38946893038193,-0.196876608898757,-0.3716160785515,0.3716160785515
3011,0.115370010385834,NA,-1.39807185049334,NA,0.115370010385834,0.115266544552581,0.0531743517450652,0.177669134859854,0.637004507278187,0.637004507278187
3013,0.390091011111674,1.11462377523503,NA,NA,0.752357393173354,0.592653649425218,0.774495992808561,-0.196876608898757,NA,NA
3014,-0.129449517398931,0.770618061863003,-0.870485697905506,-0.076439051147145,0.320584272232036,-0.20299152536251,1.13515681334031,-1.32051384017459,0.109418354690351,0.109418354690351
3015,-0.432439018535876,0.254609491804957,NA,NA,-0.0889147633654594,-0.0438624904049645,-0.307486468786683,-0.945968096415981,NA,NA
3016,-1.49679324075587,-1.12141336168317,1.32520373124681,-0.431000957064076,-1.30910330121952,-1.79428187493797,-1.75012975091367,-0.945968096415981,-2.08627107446197,2.08627107446197
3017,0.967552185995771,2.14664091535113,0.898479637241944,1.33755757952961,1.55709655067345,1.2291697892554,1.49581763387206,0.177669134859854,-0.129976883834875,0.129976883834875
3018,-0.351127506472257,0.426612348490972,0.805376198549972,0.293620346856229,0.0377424210093577,-0.521249595277602,0.413835172276813,-0.945968096415981,-1.18405101760957,1.18405101760957
3019,0.95316860881153,-0.261399078253089,0.81313481844097,0.501634782999804,0.345884765279221,1.86568592908558,-0.307486468786683,1.30130636613569,-0.809417113345014,0.809417113345014
3020,-0.289077206313854,-1.80942478842723,1.89158298328963,-0.0689730038171485,-1.04925099737054,-0.0438624904049645,-1.75012975091367,0.926760622377078,-2.07906154027146,2.07906154027146
3021,1.07524989896184,0.598615205176987,0.3941693443271,0.689344816155308,0.836932552069411,-0.362120560320056,0.413835172276813,NA,-0.0080591150755876,0.0080591150755876
3022,-0.0625215825195522,0.426612348490972,-0.273071966298692,0.0303395998909092,0.18204538298571,-0.0438624904049645,0.0531743517450652,-0.196876608898757,-0.296799114838685,0.296799114838685
3023,-0.504244588136231,-0.0893962215670737,1.26313477211883,0.223164654138509,-0.296820404851653,0.115266544552581,-0.307486468786683,-1.32051384017459,-0.48188560123991,0.48188560123991
3024,0.856588527969764,-1.29341621836918,0.10710040836019,-0.109909094013076,-0.218413845199709,1.2291697892554,0.413835172276813,0.926760622377078,-0.0396506159049737,0.0396506159049737
3025,1.31870706406425,1.11462377523503,0.114859028251187,0.849396622516825,1.21666541964964,1.54742785917049,1.85647845440381,0.552214878618466,-0.111141323155231,0.111141323155231
3026,-0.413925787566724,0.254609491804957,-1.28945117201938,-0.482922489260381,-0.0796581478808835,-0.0438624904049645,-1.75012975091367,0.552214878618466,-0.0452049574291138,0.0452049574291138
3027,0.578622865052918,0.0826066351189418,0.611410701275033,0.424213400482298,0.33061475008593,1.86568592908558,-0.307486468786683,0.177669134859854,-1.18128178241241,1.18128178241241
3028,-0.519762483893066,0.0826066351189418,1.30968649146482,0.290843547563564,-0.218577924387062,-0.680378630235147,-0.307486468786683,-0.571422352657369,0.988386358564478,0.988386358564478
3029,0.585112189434929,0.426612348490972,-0.327382305535675,0.228114077463409,0.50586226896295,-0.362120560320056,-0.307486468786683,2.42494359741152,-0.433685037679481,0.433685037679481
3030,0.106113394901258,0.770618061863003,NA,NA,0.43836572838213,0.115266544552581,0.774495992808561,-0.571422352657369,NA,NA
3031,1.25339081884591,0.770618061863003,0.758824479203987,0.927611119970966,1.01200444035446,-0.521249595277602,1.85647845440381,2.42494359741152,-0.75510677410803,0.75510677410803
3032,0.187175579986189,0.598615205176987,-0.304106445862682,0.160561446433498,0.392895392581588,-0.0438624904049645,0.0531743517450652,0.552214878618466,0.123001097616787,0.123001097616787
3033,0.706965435475483,0.770618061863003,1.30192787157382,0.926503789637434,0.738791748669243,0.433524614467673,1.13515681334031,0.552214878618466,-1.68060269063342,1.68060269063342
3034,-0.00485026312474911,-0.94941050499715,0.0527900691232066,-0.300490232999564,-0.47713038406095,0.115266544552581,-0.307486468786683,0.177669134859854,-0.590795106580955,0.590795106580955
3035,-0.621220199455809,-0.0893962215670737,-1.42134771016633,-0.710654710396406,-0.355308210511441,-0.998636700150239,-0.66814728931843,-0.196876608898757,NA,NA
3036,1.46345252183756,0.426612348490972,0.650203800730021,0.846756223686184,0.945032435164266,NA,0.0531743517450652,1.6758521098943,-0.264093571478508,0.264093571478508
3037,0.461896580712029,-0.261399078253089,NA,NA,0.10024875122947,0.433524614467673,0.774495992808561,0.177669134859854,NA,NA
3038,0.669440319579802,0.254609491804957,0.875203777568951,0.599751196317904,0.46202490569238,1.07004075429786,1.13515681334031,-0.196876608898757,-0.489093548317438,0.489093548317438
3039,0.419743157074061,-0.0893962215670737,-0.738589159758547,-0.136080741417187,0.165173467753494,1.07004075429786,1.13515681334031,-0.945968096415981,0.933503126932282,0.933503126932282
3040,1.4822150797854,2.49064662872316,2.72951393151737,2.23412521334198,1.98643085425428,2.34307303395822,0.0531743517450652,2.05039785365291,NA,NA
3041,-1.49540959520459,-0.605404791625119,-0.032554749677767,-0.711123045502493,-1.05040719341486,-0.680378630235147,-2.11079057144542,-1.6950595839332,0.41866497892928,0.41866497892928
3042,1.02497417841189,0.426612348490972,0.75106585931299,0.734217462071949,0.725793263451429,1.70655689412804,-0.307486468786683,1.6758521098943,-1.12974067837259,1.12974067837259
3043,0.129504260591386,0.770618061863003,-1.07996843496244,-0.0599487041693509,0.450061161227194,-0.20299152536251,0.413835172276813,0.177669134859854,0.369886761634693,0.369886761634693
3044,0.711593743217771,-0.261399078253089,NA,NA,0.225097332482341,0.433524614467673,0.774495992808561,0.926760622377078,NA,NA
3045,-0.6835198265929,0.942620918549018,NA,NA,0.129550545978059,-1.15776573510778,0.0531743517450652,-0.945968096415981,NA,NA
3046,-0.009478570867037,0.426612348490972,-0.715313300085554,-0.0993931741538731,0.208566888811967,0.115266544552581,0.0531743517450652,-0.196876608898757,-0.0457540431296014,0.0457540431296014
3047,-0.741440472966392,0.254609491804957,-1.00238223605247,-0.496404405737967,-0.243415490580717,-0.998636700150239,-1.02880810985018,-0.196876608898757,-0.141077631318246,0.141077631318246
3048,-0.268681675836042,-1.98142764511324,0.246755566398146,-0.667784584850379,-1.12505466047464,0.433524614467673,-0.66814728931843,-0.571422352657369,1.38213036635892,1.38213036635892
3049,0.104729749349975,-0.433401934939105,-0.273071966298692,-0.200581383962607,-0.164336092794565,-0.998636700150239,1.13515681334031,0.177669134859854,-0.0100047217220183,0.0100047217220183
3050,1.10490204492422,-0.605404791625119,0.952789976478926,0.484095743259343,0.249748626649552,0.115266544552581,0.774495992808561,2.42494359741152,-1.33146479553853,1.33146479553853
3051,-1.4048414676564,-2.6694390718573,-0.886002937687502,-1.65342782573373,-2.03714026975685,-1.15776573510778,-2.11079057144542,-0.945968096415981,-0.25745692968321,0.25745692968321
3052,-0.182741856030135,-0.777407648311135,-1.00238223605247,-0.654177246797912,-0.480074752170635,-0.0438624904049645,-0.307486468786683,-0.196876608898757,0.279554145252865,0.279554145252865
3053,0.952034290238936,0.426612348490972,-1.01789947583446,0.120249054298482,0.689323319364954,0.433524614467673,1.49581763387206,0.926760622377078,0.957885093571158,0.957885093571158
3054,-0.861411419498286,0.770618061863003,-0.11789956847874,-0.0695643087046744,-0.0453966788176415,-1.31689477006533,0.0531743517450652,-1.32051384017459,-0.706899862095675,0.706899862095675
3055,-0.977003385266581,-1.63742193174121,-1.10324429463543,-1.23922320388108,-1.3072126585039,-1.31689477006533,-0.66814728931843,-0.945968096415981,0.660837388216575,0.660837388216575
3056,1.06737692902854,-0.0893962215670737,-1.46789942951232,-0.163306240683617,0.488990353730734,0.751782684382764,0.774495992808561,1.6758521098943,1.47161713460828,1.47161713460828
3057,0.553848353811508,-1.63742193174121,-0.769623639322538,-0.617732405750747,-0.541786788964852,1.07004075429786,0.413835172276813,0.177669134859854,1.15573386857405,1.15573386857405
3058,NA,NA,-0.629968481284581,NA,NA,NA,1.85647845440381,1.6758521098943,1.8764618898861,1.8764618898861
3059,-0.168607605824583,0.426612348490972,-0.645485721066576,-0.129160326133396,0.129002371333195,-0.362120560320056,0.0531743517450652,-0.196876608898757,1.41398847447365,1.41398847447365
3060,-0.799111792361195,-1.4654190750552,-1.46789942951232,-1.24414343230957,-1.1322654337082,-1.15776573510778,-0.66814728931843,-0.571422352657369,-0.344747355130615,0.344747355130615
3061,-0.663622950072465,NA,-0.777382259213535,NA,-0.663622950072465,-0.0438624904049645,-1.75012975091367,-0.196876608898757,-0.366077608157177,0.366077608157177
3062,-0.232540205491645,0.598615205176987,-1.97996834231816,-0.537964447544273,0.183037499842671,-1.31689477006533,-0.307486468786683,0.926760622377078,0.83650847494745,0.83650847494745
3063,-0.009478570867037,1.45862948860706,1.0226175554979,0.823922824412644,0.724575458870013,0.115266544552581,0.0531743517450652,-0.196876608898757,-0.254114802090836,0.254114802090836
3064,-0.356005141193233,0.254609491804957,0.704514139967004,0.201039496859576,-0.0506978246941377,-0.20299152536251,-0.66814728931843,-0.196876608898757,-0.318403910715491,0.318403910715491
3065,-0.533896734098619,-0.605404791625119,0.145893507815178,-0.33113600596952,-0.569650762861869,-0.362120560320056,-0.66814728931843,-0.571422352657369,-0.23777393375811,0.23777393375811
3066,-0.76483133865652,-0.261399078253089,1.57347956775873,0.182416383616375,-0.513115208454804,-0.680378630235147,-0.66814728931843,-0.945968096415981,-1.12363725114796,1.12363725114796
3067,0.943911993326954,0.942620918549018,0.440721063673086,0.775751325183019,0.943266455937986,1.86568592908558,0.413835172276813,0.552214878618466,1.0925667380451,1.0925667380451
3068,0.335415026929188,0.0826066351189418,0.634686560948026,0.350902740998718,0.209010831024065,-0.362120560320056,-0.307486468786683,1.6758521098943,0.133816192459043,0.133816192459043
3069,-0.23578486768265,-0.94941050499715,-0.257554726516697,-0.480916699732166,-0.5925976863399,-0.20299152536251,-0.307486468786683,-0.196876608898757,-0.121120092542902,0.121120092542902
3070,0.0762119219601822,-0.605404791625119,0.541583122256055,0.00413008419703914,-0.264596434832469,-0.0438624904049645,-1.02880810985018,1.30130636613569,0.322517762189904,0.322517762189904
3071,1.5433803883499,1.45862948860706,-0.288589206080687,0.904473556958758,1.50100493847848,1.07004075429786,1.13515681334031,2.42494359741152,0.993359872128497,0.993359872128497
3072,-0.885300939145791,-1.80942478842723,-0.53686504259261,-1.07719692338854,-1.34736286378651,-0.362120560320056,-2.47145139197717,0.177669134859854,-0.326173640397361,0.326173640397361
3073,-0.461841837519575,-0.94941050499715,-1.46014080962132,-0.957131050712683,-0.705626171258362,-0.839507665192693,0.774495992808561,-1.32051384017459,0.507877204328389,0.507877204328389
3074,-1.24083479797787,-1.29341621836918,0.626927941057028,-0.635774358430009,-1.26712550817353,-0.998636700150239,-1.02880810985018,-1.6950595839332,-1.96158407050552,1.96158407050552
3075,-0.505628233687514,-0.433401934939105,-0.738589159758547,-0.559206442795055,-0.469515084313309,-0.998636700150239,0.0531743517450652,-0.571422352657369,0.742306864854504,0.742306864854504
3076,-0.519762483893066,-1.29341621836918,-0.102382328696745,-0.638520343652997,-0.906589351131124,-0.680378630235147,-0.307486468786683,-0.571422352657369,0.106100033792702,0.106100033792702
3077,0.52419620784912,-1.29341621836918,-0.0092788900047739,-0.259499633508278,-0.38461000526003,0.592653649425218,0.0531743517450652,0.926760622377078,-0.0826015359381585,0.0826015359381585
3078,-0.346499198729969,-0.605404791625119,-0.31186506575368,-0.421256352036256,-0.475951995177544,-0.521249595277602,0.0531743517450652,-0.571422352657369,-0.449202277461476,0.449202277461476
3079,-0.572805495545582,0.254609491804957,0.3941693443271,0.0253244468621586,-0.159098001870312,-0.839507665192693,-0.307486468786683,-0.571422352657369,-0.390451639231144,0.390451639231144
3080,-0.697654076798452,0.598615205176987,-0.738589159758547,-0.279209343793337,-0.0495194358107325,-0.839507665192693,-0.307486468786683,-0.945968096415981,0.359914340698948,0.359914340698948
3081,-0.12969884437762,0.254609491804957,-0.0713478491327548,0.0178542660981942,0.0624553237136688,0.115266544552581,-0.307486468786683,-0.196876608898757,0.0750655542287115,0.0750655542287115
3082,-0.163979298082295,0.0826066351189418,0.355376244872113,0.0913345273029199,-0.0406863314816765,-0.362120560320056,-0.307486468786683,0.177669134859854,0.0307339843794002,0.0307339843794002
3083,-0.245041483167226,-0.433401934939105,-1.00238223605247,-0.560275218052932,-0.339221709053165,-0.20299152536251,0.413835172276813,-0.945968096415981,0.814903679070644,0.814903679070644
3084,-0.0421260520417409,-0.605404791625119,0.704514139967004,0.018994432100048,-0.32376542183343,0.433524614467673,1.13515681334031,-1.6950595839332,-0.41400204175438,0.41400204175438
3085,-0.418304768330324,0.0826066351189418,0.859686537786956,0.174662801525191,-0.167849066605691,-0.362120560320056,0.0531743517450652,-0.945968096415981,-1.30209344420581,1.30209344420581
3086,0.240218591638704,-0.0893962215670737,-0.0713478491327548,0.0264915069796252,0.0754111850358152,0.115266544552581,0.0531743517450652,0.552214878618466,-0.307326969926845,0.307326969926845
3087,0.210815772655005,1.45862948860706,-1.00238223605247,0.222354341736535,0.834722630631035,-0.680378630235147,1.13515681334031,0.177669134859854,0.24131489283731,0.24131489283731
3088,-1.03029572389778,-0.605404791625119,-1.00238223605247,-0.87936091719179,-0.817850257761452,-1.15776573510778,-2.11079057144542,0.177669134859854,0.432511154915088,0.432511154915088
3089,0.337047999459159,0.598615205176987,0.432962443782088,0.456208549472745,0.467831602318073,0.433524614467673,0.774495992808561,-0.196876608898757,-0.429244738686132,0.429244738686132
3090,-1.00039425095671,-0.94941050499715,1.32520373124681,-0.208200341569016,-0.974902377976929,-0.998636700150239,-0.307486468786683,-1.6950595839332,-1.70387855030641,1.70387855030641
3091,0.847331912485188,1.11462377523503,0.859686537786956,0.940547408502393,0.980977843860111,1.2291697892554,1.13515681334031,0.177669134859854,-0.855968832690999,0.855968832690999
3092,-1.11135790898272,-0.94941050499715,-1.93341662297218,-1.33139501231735,-1.03038420698993,-0.998636700150239,-1.38946893038193,-0.945968096415981,0.0251717072903515,0.0251717072903515
3093,0.0234182372863552,-0.433401934939105,2.07003124078258,0.553349181043277,-0.204991848826375,-0.521249595277602,0.413835172276813,0.177669134859854,-1.26966244369588,1.26966244369588
3094,-0.381028979413332,-0.777407648311135,-1.18083049354541,-0.779755707089959,-0.579218313862233,-0.680378630235147,-1.38946893038193,0.926760622377078,0.610959412408032,0.610959412408032
3095,-0.19825975178697,-0.261399078253089,-1.00238223605247,-0.487347022030842,-0.22982941502003,-0.839507665192693,-0.307486468786683,0.552214878618466,0.0501186307595316,0.0501186307595316
3096,1.50122696471193,-0.0893962215670737,0.153652127706175,0.52182762361701,0.705915371572427,1.70655689412804,1.49581763387206,1.30130636613569,-0.213666509969478,0.213666509969478
3097,0.187175579986189,1.63063234529308,0.285548665853134,0.701118863710801,0.908903962639634,-0.0438624904049645,0.0531743517450652,0.552214878618466,-1.04661600906829,1.04661600906829
3098,-0.27330998357833,0.254609491804957,-0.296347825971685,-0.105016105915019,-0.00935024588668656,0.433524614467673,-0.307486468786683,-0.945968096415981,0.682458055223198,0.682458055223198
3099,-0.14846140232546,-0.0893962215670737,0.192445227161163,-0.0151374655771235,-0.118928811946267,0.433524614467673,-0.307486468786683,-0.571422352657369,-0.571120046220763,0.571120046220763
3101,-0.894557554630366,-0.777407648311135,-0.661002960848571,-0.777656054596691,-0.835982601470751,-0.362120560320056,-1.75012975091367,-0.571422352657369,-0.291260644444362,0.291260644444362
3102,0.115370010385834,-1.12141336168317,-1.03341671561646,-0.679820022304596,-0.503021675648666,0.115266544552581,0.0531743517450652,0.177669134859854,0.463545634479078,0.463545634479078
3103,0.115619337364522,-0.777407648311135,NA,NA,-0.330894155473306,-0.20299152536251,1.49581763387206,-0.945968096415981,NA,NA
3104,-0.861411419498286,-0.777407648311135,-0.994623616161468,-0.877814227990296,-0.81940953390471,-1.31689477006533,0.0531743517450652,-1.32051384017459,0.615948797101868,0.615948797101868
3105,-0.283950244614189,0.770618061863003,-0.769623639322538,-0.094318607357908,0.243333908624407,-0.680378630235147,0.774495992808561,-0.945968096415981,0.327216732903679,0.327216732903679
3106,-0.924209700592754,-0.777407648311135,0.720031379748999,-0.32719532305163,-0.850808674451944,-0.839507665192693,-2.11079057144542,0.177669134859854,-0.333921150497486,0.333921150497486
3107,0.250858852674563,1.28662663192105,0.223479706725153,0.586988397106922,0.768742742297806,1.2291697892554,-1.02880810985018,0.552214878618466,-0.410958263706975,0.410958263706975
3108,-1.371944659503,-1.12141336168317,-1.67738216656926,-1.39024672925181,-1.24667901059308,-1.79428187493797,-1.75012975091367,-0.571422352657369,0.533922299198544,0.533922299198544
3109,0.191803887728477,0.426612348490972,1.46485888928477,0.694425041834739,0.309208118109724,-0.0438624904049645,-0.307486468786683,0.926760622377078,-1.46114118418881,1.46114118418881
3110,-0.0189845133303012,0.254609491804957,1.91485884296263,0.716827940479095,0.117812489237328,0.433524614467673,-0.66814728931843,0.177669134859854,-1.01889191483704,1.01889191483704
3111,-0.750697088450967,-0.261399078253089,-0.847209838232514,-0.61976866831219,-0.506048083352028,-0.998636700150239,-0.307486468786683,-0.945968096415981,-0.232517941778939,0.232517941778939
3112,0.154528098811485,0.0826066351189418,-0.148934048042731,0.029400228629232,0.118567366965213,0.274395579510127,1.13515681334031,-0.945968096415981,0.726240539372022,0.726240539372022
3113,-0.198010424808282,-1.29341621836918,-1.07220981507144,-0.854545486082969,-0.745713321588731,-1.15776573510778,1.13515681334031,-0.571422352657369,0.0243480787396206,0.0243480787396206
3114,0.764636754870286,2.14664091535113,-0.715313300085554,0.731988123378619,1.45563883511071,0.592653649425218,0.774495992808561,0.926760622377078,1.10142352933707,1.10142352933707
3115,0.196681522449453,-1.12141336168317,-0.668761580739569,-0.531164473324427,-0.462365919616856,-0.362120560320056,0.774495992808561,0.177669134859854,0.672479285835526,0.672479285835526
3116,-0.173235913566871,0.0826066351189418,-0.0403133695687646,-0.0436475493388978,-0.0453146392239645,-0.362120560320056,0.413835172276813,-0.571422352657369,-0.338361449490835,0.338361449490835
3117,-0.0203681588815842,1.28662663192105,2.34934155685849,1.20520000996599,0.633129236519732,-0.680378630235147,-0.307486468786683,0.926760622377078,-2.34562385176254,2.34562385176254
3118,-1.56397050261394,-1.12141336168317,-1.07220981507144,-1.25253122645618,-1.34269193214855,-1.63515283998042,-2.11079057144542,-0.945968096415981,0.311142471856288,0.311142471856288
3119,0.745874196922446,1.63063234529308,-0.994623616161468,0.460627642018019,1.18825327110776,0.91091171934031,0.774495992808561,0.552214878618466,0.615948797101868,0.615948797101868
3120,-0.0391307168294243,-1.63742193174121,-0.854968458123511,-0.843840368898049,-0.838276324285318,-0.362120560320056,-0.307486468786683,0.552214878618466,-0.192893278208312,0.192893278208312
3121,-0.0141068786093251,-0.261399078253089,-0.53686504259261,-0.270790333151675,-0.137752978431207,0.115266544552581,0.413835172276813,-0.571422352657369,0.094458136173751,0.094458136173751
3122,-1.08796704329259,NA,-1.18858911343641,NA,-1.08796704329259,-1.31689477006533,-1.75012975091367,-0.196876608898757,0.427521770221252,0.427521770221252
3123,-0.106307978687492,1.45862948860706,-0.676520200630567,0.225267103096335,0.676160754959786,-0.20299152536251,-0.66814728931843,0.552214878618466,-0.0845471425845892,0.0845471425845892
3124,-0.500999925945226,0.426612348490972,-1.31272703169237,-0.462371536382208,-0.0371937887271272,-0.998636700150239,-0.307486468786683,-0.196876608898757,-0.0219290977561211,0.0219290977561211
3125,-0.365511083656497,-1.4654190750552,0.611410701275033,-0.40650648581222,-0.915465079355847,0.115266544552581,-1.38946893038193,0.177669134859854,-0.410123525365372,0.410123525365372
3126,-0.963118462039717,-0.605404791625119,-1.14203739409042,-0.903520215918419,-0.784261626832418,-1.31689477006533,-1.75012975091367,0.177669134859854,1.14575509918638,1.14575509918638
3127,-0.693025769056164,-0.94941050499715,-0.0635892292417572,-0.568675167765024,-0.821218137026657,-0.839507665192693,-0.66814728931843,-0.571422352657369,-0.315085589817842,0.315085589817842
3128,-0.457213529777287,1.11462377523503,-0.847209838232514,-0.0632665309249223,0.328705122728873,-0.839507665192693,0.413835172276813,-0.945968096415981,0.468535019172914,0.468535019172914
3129,0.848715558036471,0.598615205176987,1.75968644514268,1.06900573611871,0.723665381606729,2.34307303395822,0.774495992808561,-0.571422352657369,-0.271011104575976,0.271011104575976
3130,-0.639982757403649,-2.32543335848527,-0.249796106625699,-1.07173740750487,-1.48270805794446,-0.680378630235147,-0.66814728931843,-0.571422352657369,0.189781724362396,0.189781724362396
3131,0.947405982496648,0.942620918549018,-0.164451287824726,0.575191871073647,0.945013450522833,0.433524614467673,1.85647845440381,0.552214878618466,0.359365254998461,0.359365254998461
3132,0.163784714296061,0.770618061863003,1.30192787157382,0.745443549244294,0.467201388079532,0.274395579510127,0.413835172276813,-0.196876608898757,-0.335855647353044,0.335855647353044
3133,-0.486865675739674,0.942620918549018,-1.2041063532184,-0.249450370136353,0.227877621404672,-1.31689477006533,0.0531743517450652,-0.196876608898757,0.443039010003247,0.443039010003247
3134,1.24088954117033,1.11462377523503,-0.699796060303559,0.551905752033934,1.17775665820268,0.592653649425218,NA,0.552214878618466,0.703513765399516,0.703513765399516
3135,0.216827725948576,0.942620918549018,2.99330700781129,1.38425188410296,0.579724322248797,0.433524614467673,0.413835172276813,-0.196876608898757,NA,NA
3136,0.909880866600968,1.63063234529308,0.161410747597173,0.900641319830407,1.27025660594702,1.07004075429786,1.85647845440381,-0.196876608898757,-0.157693042501216,0.157693042501216
3137,0.813051458780513,-0.0893962215670737,-1.14203739409042,-0.139460718958994,0.36182761860672,0.751782684382764,1.13515681334031,0.552214878618466,0.763362575030822,0.763362575030822
3138,-0.474841769152533,-1.80942478842723,-0.560140902265603,-0.948135819948454,-1.14213327878988,0.91091171934031,-1.38946893038193,-0.945968096415981,0.563858607361559,0.563858607361559
3139,0.789660593090385,0.598615205176987,NA,NA,0.694137899133686,1.07004075429786,1.49581763387206,-0.196876608898757,NA,NA
3140,0.0155452673530624,-0.94941050499715,-0.823933978559521,-0.585933072067869,-0.466932618822044,0.592653649425218,0.774495992808561,-1.32051384017459,0.827651683655477,0.827651683655477
3141,-0.100046698415232,1.28662663192105,1.10020375440788,0.762261229304566,0.593289966752908,0.592653649425218,0.0531743517450652,-0.945968096415981,-1.09648604931192,1.09648604931192
3142,-0.191998471514711,0.0826066351189418,0.906238257132941,0.265615473579057,-0.0546959181978845,-0.0438624904049645,0.413835172276813,-0.945968096415981,-0.70495108122328,0.70495108122328
3143,-0.226528252198074,0.770618061863003,0.960548596369925,0.501546135344951,0.272044904832464,-0.20299152536251,-1.02880810985018,0.552214878618466,-1.52404646877138,1.52404646877138
3144,-0.159101663361318,0.598615205176987,0.541583122256055,0.327032221357241,0.219756770907835,-0.680378630235147,0.774495992808561,-0.571422352657369,-0.920257941315654,0.920257941315654
3145,0.238357574998982,0.426612348490972,1.09244513451688,0.585805019335612,0.332484961744977,2.34307303395822,-0.307486468786683,-1.32051384017459,0.28151244880315,0.28151244880315
3146,0.39934762659625,0.598615205176987,1.20882443288185,0.735595754885028,0.498981415886619,0.592653649425218,0.0531743517450652,0.552214878618466,-0.631517941552556,0.631517941552556
3147,1.02985181313286,0.426612348490972,-0.0713478491327548,0.461705437497026,0.728232080811917,1.38829882421295,0.774495992808561,0.926760622377078,0.457458078384268,0.457458078384268
3148,-0.688397461313876,-0.605404791625119,0.564858981929047,-0.242981090336649,-0.646901126469498,-0.839507665192693,-1.02880810985018,-0.196876608898757,-0.229734422564942,0.229734422564942
3149,-1.30338375209365,-1.63742193174121,-0.723071919976552,-1.22129253460381,-1.47040284191743,-0.839507665192693,-1.75012975091367,-1.32051384017459,-0.0379954232386034,0.0379954232386034
3150,-0.0543992856075709,0.254609491804957,-0.110140948587743,0.0300230858698812,0.100105103098693,-1.47602380502288,1.13515681334031,0.177669134859854,NA,NA
3151,-1.06757151281478,-0.433401934939105,0.541583122256055,-0.319796775165942,-0.75048672387694,-0.839507665192693,-0.66814728931843,-1.6950595839332,-1.32177009167899,1.32177009167899
3152,1.55751463855545,0.942620918549018,0.293307285744132,0.931147614282866,1.25006777855223,0.751782684382764,1.49581763387206,2.42494359741152,0.290372414321086,0.290372414321086
3153,0.875351085917604,0.254609491804957,1.11572099418988,0.748560523970813,0.564980288861281,0.91091171934031,0.413835172276813,1.30130636613569,-0.410950328142066,0.410950328142066
3154,1.86302210381627,-1.29341621836918,0.533824502365057,0.367810129270716,0.284802942723545,NA,0.774495992808561,1.6758521098943,1.57305208558646,1.57305208558646
3155,0.808173824059537,-0.0893962215670737,0.766583099094985,0.495120233862483,0.359388801246232,1.07004075429786,0.0531743517450652,1.30130636613569,-0.272128321332731,0.272128321332731
3156,0.79290525528139,1.28662663192105,-0.34289954531767,0.578877447294923,1.03976594360122,-0.0438624904049645,1.49581763387206,0.926760622377078,1.11140229872474,1.11140229872474
3157,1.03309647532387,0.426612348490972,2.17865191925655,1.21278691435713,0.72985441190742,0.274395579510127,0.774495992808561,2.05039785365291,-1.537613340568,1.537613340568
3158,-1.45300684458793,-0.605404791625119,-0.886002937687502,-0.981471524633519,-1.02920581810653,-1.63515283998042,-1.02880810985018,-1.6950595839332,-0.25745692968321,0.25745692968321
